-.69
-.69
-.69
-.69
-.52
-.52
-.45
-.38
-.38
-.34
-.31
-.31
-.31
-.31
-.31
-.31
-.31
-.31
-.24
-.24
-.24
-.24
-.24
-.21
-.21
-.21
-.21
-.17
-.17
-.17
-.17
-.14
-.14
-.14
-.14
-.14
-.14
-.14
-.14
-.14
-.14
-.14
-.14
-.14
-.1
-.1
-.1
-.1
-.1
-.1
-.1
-.1
-.1
-.07
-.07
-.07
-.07
-.07
-.07
-.07
-.07
-.07
-.07
-.07
-.07
-.07
-.07
-.07
-.07
-.07
-.07
-.07
-.07
-.07
-.07
-.07
-.07
-.07
-.07
-.07
-.07
-.07
-.07
-.07
-.07
-.07
-.07
-.03
-.03
-.03
-.03
-.03
-.03
-.03
-.03
-.03
-.03
0
0
0
0
0
0
0
0
0
0
0
0
0
0
.03
.03
.03
.03
.03
.03
.03
.03
.03
.03
.03
.03
.03
.03
.03
.03
.07
.07
.07
.07
.07
.07
.07
.07
.07
.07
.07
.07
.1
.1
.1
.1
.1
.1
.14
.14
.14
.14
.14
.14
.14
.14
.14
.14
.14
.14
.14
.14
.17
.17
.17
.17
.21
.21
.21
.21
.21
.21
.21
.21
.21
.21
.21
.21
.21
.21
.21
.21
.21
.21
.21
.21
.21
.24
.24
.24
.24
.28
.28
.28
.28
.31
.31
.31
.31
.34
.34
.38
.38
.41
.45
.52
.52
.52
.52
.52
.52
.52
.52
.52
.52
.52
.52
.52
.52
.52
.52
.55
.55
.55
.59
.59
.59
.59
.62
.62
.62
.62
.66
.69
.69
.69
.69
.72
.79
.79
.86
.86
.86
.86
.86
.86
.86
.86
.9
.9
.97
.97
.97
1
1.03
1.07
1.21
1.24
1.24
1.24
1.24
1.24
1.24
1.24
1.24
1.45
1.62
1.66
1.66
1.66
1.69
1.69
1.72
1.76
1.76
1.79
1.79
1.79
1.79
1.83
1.83
1.83
1.83
1.83
1.83
1.83
1.83
1.86
1.86
1.86
1.86
1.86
1.86
1.86
1.9
1.9
1.9
1.9
1.9
1.9
1.9
1.9
1.9
1.9
1.9
1.9
1.9
1.9
1.9
1.9
1.9
1.93
1.93
1.93
1.93
1.93
1.93
1.93
1.93
1.93
1.93
1.93
1.93
1.93
1.93
1.93
1.93
1.93
1.93
1.93
1.93
1.93
1.93
1.93
1.93
1.93
1.93
1.93
1.93
1.93
1.93
1.93
1.93
1.93
1.93
1.97
1.97
1.97
1.97
1.97
1.97
1.97
1.97
1.97
1.97
1.97
1.97
1.97
1.97
1.97
1.97
1.97
1.97
1.97
1.97
1.97
1.97
1.97
1.97
1.97
1.97
1.97
1.97
1.97
1.97
1.97
1.97
1.97
1.97
1.97
1.97
1.97
1.97
1.97
2
2
2
2
2
2
2
2
2
2
2
2
2
2
2
2
2
2
2
2
2
2
2
2
2
2
2
2
2
2
2
2
2
2
2
2
2
2
2
2
2
2
2
2
2
2
2
2
2
2
2
2
2
2
2.03
2.03
2.03
2.03
2.03
2.03
2.03
2.03
2.03
2.03
2.03
2.03
2.03
2.03
2.03
2.03
2.03
2.03
2.03
2.03
2.03
2.03
2.03
2.03
2.03
2.03
2.03
2.03
2.03
2.03
2.03
2.03
2.03
2.03
2.03
2.03
2.03
2.03
2.03
2.03
2.03
2.03
2.03
2.03
2.03
2.03
2.03
2.03
2.03
2.03
2.03
2.03
2.03
2.03
2.03
2.03
2.03
2.03
2.03
2.03
2.03
2.03
2.03
2.03
2.03
2.03
2.03
2.03
2.03
2.03
2.03
2.03
2.03
2.03
2.03
2.03
2.03
2.03
2.03
2.03
2.03
2.03
2.03
2.03
2.03
2.03
2.03
2.03
2.03
2.03
2.03
2.03
2.03
2.03
2.03
2.03
2.03
2.03
2.03
2.03
2.03
2.03
2.03
2.03
2.03
2.03
2.03
2.03
2.03
2.03
2.03
2.03
2.03
2.03
2.03
2.03
2.03
2.03
2.03
2.03
2.03
2.03
2.03
2.03
2.03
2.03
2.03
2.03
2.03
2.03
2.03
2.03
2.03
2.03
2.03
2.07
2.07
2.07
2.07
2.07
2.07
2.07
2.07
2.07
2.07
2.07
2.07
2.07
2.07
2.07
2.07
2.07
2.07
2.07
2.07
2.07
2.07
2.07
2.07
2.07
2.07
2.07
2.07
2.07
2.07
2.07
2.07
2.07
2.07
2.07
2.07
2.07
2.07
2.07
2.07
2.07
2.07
2.1
2.1
2.1
2.1
2.1
2.1
2.1
2.1
2.1
2.1
2.1
2.1
2.1
2.1
2.1
2.1
2.1
2.1
2.1
2.1
2.1
2.1
2.1
2.1
2.1
2.1
2.1
2.1
2.1
2.1
2.1
2.1
2.1
2.1
2.1
2.1
2.1
2.1
2.1
2.1
2.1
2.1
2.1
2.1
2.1
2.1
2.1
2.1
2.1
2.1
2.1
2.1
2.1
2.1
2.1
2.1
2.1
2.1
2.1
2.1
2.1
2.1
2.1
2.1
2.1
2.1
2.1
2.1
2.1
2.1
2.1
2.1
2.1
2.1
2.1
2.1
2.1
2.1
2.1
2.1
2.1
2.1
2.1
2.1
2.1
2.1
2.1
2.1
2.1
2.1
2.1
2.1
2.1
2.1
2.1
2.1
2.1
2.1
2.1
2.1
2.1
2.1
2.1
2.1
2.1
2.1
2.1
2.1
2.1
2.1
2.1
2.1
2.1
2.1
2.1
2.1
2.1
2.1
2.1
2.1
2.1
2.14
2.14
2.14
2.14
2.14
2.14
2.14
2.14
2.14
2.14
2.14
2.14
2.14
2.14
2.14
2.14
2.14
2.14
2.14
2.17
2.17
2.17
2.17
2.17
2.21
2.21
2.21
2.21
2.21
2.21
2.21
